                   01            S5NL0006                533204879754243       00010001    021000                                                           26042322154500260423            496136974244       000000012340000000567810                                            00000000000004174000000000000000417400                               00                                                                                                                                         00                  5568851                                                                
                   01            S5NL0005                520646458442288       00010001    021000                                                           26042319544200260423            496136974245       000000012340000000567810                                            00000000000001900000000000000000190000                               00                                                                                                                                         00                  6436761                                                                
                   01            S5NL0004                519350715981989       00010001    021000                                                           26042318095400260423            496136974246       000000012340000000567810                                            00000000000003601000000000000000360100                               00                                                                                                                                         00                  2027681                                                                
                   01            S5NL0002                551719313711154       00010001    021000                                                           26042303320600260423            496136974247       000000012340000000567810                                            00000000000002781000000000000000278100                               00                                                                                                                                         00                  0037931                                                                
                   01            S5NL0006                550069343030893       00010001    021000                                                           26042314462700260423            496136974248       000000012340000000567810                                            00000000000001782000000000000000178200                               00                                                                                                                                         00                  0696311                                                                
                   01            S5NL0004                472105983645306       00010001    021000                                                           26042312201100260423            832936244583       000000012340000000567810                                            00000000000001059000000000000000105900                               00                                                                                                                                         00                  8062851                                                                
                   01            S5NL0003                436682429339990       00010001    021000                                                           26042301571300260423            832936244584       000000012340000000567810                                            00000000000004190000000000000000419000                               00                                                                                                                                         00                  9659571                                                                
                   01            S5NL0006                436603127590621       00010001    021000                                                           26042313233500260423            832936244585       000000012340000000567810                                            00000000000001081000000000000000108100                               00                                                                                                                                         00                  1334341                                                                
                   01            S5NL0003                493681397859778       00010001    021000                                                           26042301505900260423            832936244586       000000012340000000567810                                            00000000000002927000000000000000292700                               00                                                                                                                                         00                  0312991                                                                
                   01            S5NL0005                474290632018179       00010001    021000                                                           26042301144200260423            832936244587       000000012340000000567810                                            00000000000002476000000000000000247600                               00                                                                                                                                         00                  2154831                                                                
                   01            S5NL0006                641048609032892       00010001    021000                                                           26042302324800260423            509272314312       000000012340000000567810                                            00000000000002371000000000000000237100                               00                                                                                                                                         00                  0990341                                                                
                   01            S5NL0002                631621269852999       00010001    021000                                                           26042312253900260423            509272314313       000000012340000000567810                                            00000000000002154000000000000000215400                               00                                                                                                                                         00                  2725091                                                                
                   01            S5NL0002                644160967736550       00010001    021000                                                           26042304054700260423            509272314314       000000012340000000567810                                            00000000000001317000000000000000131700                               00                                                                                                                                         00                  2132431                                                                
                   01            S5NL0006                689087908326854       00010001    021000                                                           26042319114900260423            509272314315       000000012340000000567810                                            00000000000004298000000000000000429800                               00                                                                                                                                         00                  1038021                                                                
                   01            S5NL0001                608250211929574       00010001    021000                                                           26042306515900260423            509272314316       000000012340000000567810                                            00000000000002659000000000000000265900                               00                                                                                                                                         00                  0518371                                                                
