0700472105983645306       00865304234891292578390        0423000000105900356000000105900356TEST MERCHANT            MUMBAI          5999          1008 806285    05     
0705489129257839806                                                                        000000000741300                                                              
0700436682429339990       00865304234891292578400        0423000000419000356000000419000356TEST MERCHANT            MUMBAI          5812          1008 965957    05     
0705489129257840965                                                                        000000002933000                                                              
0700436603127590621       00865304234891292578410        0423000000108100356000000108100356TEST MERCHANT            MUMBAI          5999          1008 133434    05     
0705489129257841133                                                                        000000000756700                                                              
0700493681397859778       00865304234891292578420        0423000000292700356000000292700356TEST MERCHANT            MUMBAI          5411          1008 031299    05     
0705489129257842031                                                                        000000002048900                                                              
0700474290632018179       00865304234891292578430        0423000000247600356000000247600356TEST MERCHANT            MUMBAI          5812          1008 215483    05     
0705489129257843215                                                                        000000001733200                                                              
