                   01            S5NL0001                518967408379903       00010001    021000                                                           26042200445900260422            572685998206       000000012340000000567810                                            00000000000001434000000000000000143400                               00                                                                                                                                         00                  0629731                                                                
                   01            S5NL0006                533531314133426       00010001    021000                                                           26042202041900260422            572685998207       000000012340000000567810                                            00000000000002298000000000000000229800                               00                                                                                                                                         00                  7478191                                                                
                   01            S5NL0006                542062611685054       00010001    021000                                                           26042220245800260422            572685998208       000000012340000000567810                                            00000000000001894000000000000000189400                               00                                                                                                                                         00                  1437941                                                                
                   01            S5NL0004                541843718701731       00010001    021000                                                           26042220051300260422            572685998209       000000012340000000567810                                            00000000000004492000000000000000449200                               00                                                                                                                                         00                  8167391                                                                
                   01            S5NL0003                547239199687660       00010001    021000                                                           26042220521500260422            572685998210       000000012340000000567810                                            00000000000001550000000000000000155000                               00                                                                                                                                         00                  2875811                                                                
                   01            S5NL0006                513772414616659       00010001    021000                                                           26042219002800260422            572685998211       000000012340000000567810                                            00000000000002295000000000000000229500                               00                                                                                                                                         00                  9592251                                                                
                   01            S5NL0002                556419784039264       00010001    021000                                                           26042221570400260422            572685998212       000000012340000000567810                                            00000000000001105000000000000000110500                               00                                                                                                                                         00                  4333161                                                                
                   01            S5NL0003                525768047258766       00010001    021000                                                           26042213332700260422            572685998213       000000012340000000567810                                            00000000000003444000000000000000344400                               00                                                                                                                                         00                  7963331                                                                
                   01            S5NL0005                510955134439377       00010001    021000                                                           26042219580000260422            572685998214       000000012340000000567810                                            00000000000003804000000000000000380400                               00                                                                                                                                         00                  9222891                                                                
                   01            S5NL0001                533287331794986       00010001    021000                                                           26042212100500260422            572685998215       000000012340000000567810                                            00000000000003762000000000000000376200                               00                                                                                                                                         00                  3431401                                                                
