                   01            S5NL0001                514469541101508       00010001    021000                                                           25022313503300250223            858761341430       000000012340000000567810                                            00000000000002061000000000000000206100                               00                                                                                                                                         00                  0425661                                                                
                   01            S5NL0003                553370608204358       00010001    021000                                                           25022305501000250223            858761341431       000000012340000000567810                                            00000000000001142000000000000000114200                               00                                                                                                                                         00                  7810541                                                                
                   01            S5NL0005                543249950690802       00010001    021000                                                           25022321485300250223            858761341432       000000012340000000567810                                            00000000000002613000000000000000261300                               00                                                                                                                                         00                  9413751                                                                
                   01            S5NL0001                543691001789798       00010001    021000                                                           25022308341400250223            858761341433       000000012340000000567810                                            00000000000003709000000000000000370900                               00                                                                                                                                         00                  6416711                                                                
                   01            S5NL0004                522059774364325       00010001    021000                                                           25022322173600250223            858761341434       000000012340000000567810                                            00000000000004471000000000000000447100                               00                                                                                                                                         00                  5650881                                                                
                   01            S5NL0001                530223666311765       00010001    021000                                                           25022318493700250223            858761341435       000000012340000000567810                                            00000000000003145000000000000000314500                               00                                                                                                                                         00                  0744901                                                                
                   01            S5NL0003                555513616518028       00010001    021000                                                           25022313042000250223            858761341436       000000012340000000567810                                            00000000000002015000000000000000201500                               00                                                                                                                                         00                  1962811                                                                
                   01            S5NL0004                552257212459184       00010001    021000                                                           25022304110300250223            858761341437       000000012340000000567810                                            00000000000001035000000000000000103500                               00                                                                                                                                         00                  1941841                                                                
                   01            S5NL0005                538444112818923       00010001    021000                                                           25022316513900250223            858761341438       000000012340000000567810                                            00000000000004782000000000000000478200                               00                                                                                                                                         00                  2836291                                                                
                   01            S5NL0003                526060794389844       00010001    021000                                                           25022313220400250223            858761341439       000000012340000000567810                                            00000000000003750000000000000000375000                               00                                                                                                                                         00                  7307221                                                                
                   01            S5NL0006                527950079215541       00010001    021000                                                           25022312332600250223            858761341440       000000012340000000567810                                            00000000000002770000000000000000277000                               00                                                                                                                                         00                  8669101                                                                
                   01            S5NL0001                526006044120060       00010001    021000                                                           25022300533700250223            858761341441       000000012340000000567810                                            00000000000004474000000000000000447400                               00                                                                                                                                         00                  2419441                                                                
                   01            S5NL0005                542873673147991       00010001    021000                                                           25022308260200250223            858761341442       000000012340000000567810                                            00000000000003360000000000000000336000                               00                                                                                                                                         00                  3945181                                                                
                   01            S5NL0005                544557362564026       00010001    021000                                                           25022319310100250223            858761341443       000000012340000000567810                                            00000000000002025000000000000000202500                               00                                                                                                                                         00                  2033491                                                                
                   01            S5NL0003                558959403648183       00010001    021000                                                           25022306220200250223            858761341444       000000012340000000567810                                            00000000000001877000000000000000187700                               00                                                                                                                                         00                  5847001                                                                
                   01            S5NL0003                540895989072788       00010001    021000                                                           25022317481700250223            858761341445       000000012340000000567810                                            00000000000002477000000000000000247700                               00                                                                                                                                         00                  1863741                                                                
                   01            S5NL0003                541631639472800       00010001    021000                                                           25022323170900250223            858761341446       000000012340000000567810                                            00000000000001247000000000000000124700                               00                                                                                                                                         00                  5742441                                                                
                   01            S5NL0005                516340697236205       00010001    021000                                                           25022323491300250223            858761341447       000000012340000000567810                                            00000000000002438000000000000000243800                               00                                                                                                                                         00                  2313591                                                                
                   01            S5NL0002                551165223805012       00010001    021000                                                           25022302012100250223            858761341448       000000012340000000567810                                            00000000000001134000000000000000113400                               00                                                                                                                                         00                  0510821                                                                
                   01            S5NL0004                533684654824296       00010001    021000                                                           25022318391000250223            858761341449       000000012340000000567810                                            00000000000001064000000000000000106400                               00                                                                                                                                         00                  7334571                                                                
