                   01            S5NL0005                497587407833717       00010001    021000                                                           26042206001500260422            803315460795       000000012340000000567810                                            00000000000003129000000000000000312900                               00                                                                                                                                         00                  3032071                                                                
                   01            S5NL0001                432926149789726       00010001    021000                                                           26042216195500260422            803315460796       000000012340000000567810                                            00000000000004157000000000000000415700                               00                                                                                                                                         00                  6961421                                                                
                   01            S5NL0002                469452424888164       00010001    021000                                                           26042201004300260422            803315460797       000000012340000000567810                                            00000000000004823000000000000000482300                               00                                                                                                                                         00                  3712611                                                                
                   01            S5NL0005                438317823982973       00010001    021000                                                           26042212572100260422            803315460798       000000012340000000567810                                            00000000000004219000000000000000421900                               00                                                                                                                                         00                  7960971                                                                
                   01            S5NL0005                448859270180696       00010001    021000                                                           26042206553100260422            803315460799       000000012340000000567810                                            00000000000002079000000000000000207900                               00                                                                                                                                         00                  6790531                                                                
                   01            S5NL0005                464969175313297       00010001    021000                                                           26042213573900260422            803315460800       000000012340000000567810                                            00000000000001853000000000000000185300                               00                                                                                                                                         00                  5718441                                                                
                   01            S5NL0006                403656008330430       00010001    021000                                                           26042205331500260422            803315460801       000000012340000000567810                                            00000000000003787000000000000000378700                               00                                                                                                                                         00                  2174181                                                                
                   01            S5NL0001                435639741769219       00010001    021000                                                           26042219432500260422            803315460802       000000012340000000567810                                            00000000000003583000000000000000358300                               00                                                                                                                                         00                  4279711                                                                
                   01            S5NL0006                422550555149232       00010001    021000                                                           26042221403000260422            803315460803       000000012340000000567810                                            00000000000004196000000000000000419600                               00                                                                                                                                         00                  9695111                                                                
                   01            S5NL0003                487964752243715       00010001    021000                                                           26042208405700260422            803315460804       000000012340000000567810                                            00000000000001944000000000000000194400                               00                                                                                                                                         00                  6685241                                                                
                   01            S5NL0001                445608508148809       00010001    021000                                                           26042217003300260422            803315460805       000000012340000000567810                                            00000000000002270000000000000000227000                               00                                                                                                                                         00                  4598581                                                                
                   01            S5NL0005                402652832920770       00010001    021000                                                           26042208403600260422            803315460806       000000012340000000567810                                            00000000000001809000000000000000180900                               00                                                                                                                                         00                  4811481                                                                
                   01            S5NL0002                484719363270002       00010001    021000                                                           26042204463900260422            803315460807       000000012340000000567810                                            00000000000002494000000000000000249400                               00                                                                                                                                         00                  6211511                                                                
                   01            S5NL0002                478985632914958       00010001    021000                                                           26042220532100260422            803315460808       000000012340000000567810                                            00000000000003570000000000000000357000                               00                                                                                                                                         00                  8914451                                                                
                   01            S5NL0005                438211211883846       00010001    021000                                                           26042214020000260422            803315460809       000000012340000000567810                                            00000000000004729000000000000000472900                               00                                                                                                                                         00                  4880301                                                                
                   01            S5NL0002                402851544898412       00010001    021000                                                           26042220103000260422            803315460810       000000012340000000567810                                            00000000000001990000000000000000199000                               00                                                                                                                                         00                  7404531                                                                
                   01            S5NL0003                451683013082501       00010001    021000                                                           26042202371400260422            803315460811       000000012340000000567810                                            00000000000001658000000000000000165800                               00                                                                                                                                         00                  3543271                                                                
                   01            S5NL0001                429517066297617       00010001    021000                                                           26042222095900260422            803315460812       000000012340000000567810                                            00000000000002618000000000000000261800                               00                                                                                                                                         00                  7382551                                                                
                   01            S5NL0004                433135887067475       00010001    021000                                                           26042201303100260422            803315460813       000000012340000000567810                                            00000000000004489000000000000000448900                               00                                                                                                                                         00                  7370881                                                                
                   01            S5NL0002                454512535736792       00010001    021000                                                           26042213254800260422            803315460814       000000012340000000567810                                            00000000000004799000000000000000479900                               00                                                                                                                                         00                  6294141                                                                
