0700497587407833717       00865304226893748742300        0422000000312900356000000312900356TEST MERCHANT            MUMBAI          6011          1008 303207    05     
0705689374874230303                                                                        000000002190300                                                              
0700432926149789726       00865304226893748742310        0422000000415700356000000415700356TEST MERCHANT            MUMBAI          4722          1008 696142    05     
0705689374874231696                                                                        000000002909900                                                              
0700469452424888164       00865304226893748742320        0422000000482300356000000482300356TEST MERCHANT            MUMBAI          5411          1008 371261    05     
0705689374874232371                                                                        000000003376100                                                              
0700438317823982973       00865304226893748742330        0422000000421900356000000421900356TEST MERCHANT            MUMBAI          5812          1008 796097    05     
0705689374874233796                                                                        000000002953300                                                              
0700448859270180696       00865304226893748742340        0422000000207900356000000207900356TEST MERCHANT            MUMBAI          4722          1008 679053    05     
0705689374874234679                                                                        000000001455300                                                              
0700464969175313297       00865304226893748742350        0422000000185300356000000185300356TEST MERCHANT            MUMBAI          4722          1008 571844    05     
0705689374874235571                                                                        000000001297100                                                              
0700403656008330430       00865304226893748742360        0422000000378700356000000378700356TEST MERCHANT            MUMBAI          4814          1008 217418    05     
0705689374874236217                                                                        000000002650900                                                              
0700435639741769219       00865304226893748742370        0422000000358300356000000358300356TEST MERCHANT            MUMBAI          5411          1008 427971    05     
0705689374874237427                                                                        000000002508100                                                              
0700422550555149232       00865304226893748742380        0422000000419600356000000419600356TEST MERCHANT            MUMBAI          5812          1008 969511    05     
0705689374874238969                                                                        000000002937200                                                              
0700487964752243715       00865304226893748742390        0422000000194400356000000194400356TEST MERCHANT            MUMBAI          5812          1008 668524    05     
0705689374874239668                                                                        000000001360800                                                              
0700445608508148809       00865304226893748742400        0422000000227000356000000227000356TEST MERCHANT            MUMBAI          5812          1008 459858    05     
0705689374874240459                                                                        000000001589000                                                              
0700402652832920770       00865304226893748742410        0422000000180900356000000180900356TEST MERCHANT            MUMBAI          5999          1008 481148    05     
0705689374874241481                                                                        000000001266300                                                              
0700484719363270002       00865304226893748742420        0422000000249400356000000249400356TEST MERCHANT            MUMBAI          5411          1008 621151    05     
0705689374874242621                                                                        000000001745800                                                              
0700478985632914958       00865304226893748742430        0422000000357000356000000357000356TEST MERCHANT            MUMBAI          5812          1008 891445    05     
0705689374874243891                                                                        000000002499000                                                              
0700438211211883846       00865304226893748742440        0422000000472900356000000472900356TEST MERCHANT            MUMBAI          5411          1008 488030    05     
0705689374874244488                                                                        000000003310300                                                              
0700402851544898412       00865304226893748742450        0422000000199000356000000199000356TEST MERCHANT            MUMBAI          4722          1008 740453    05     
0705689374874245740                                                                        000000001393000                                                              
0700451683013082501       00865304226893748742460        0422000000165800356000000165800356TEST MERCHANT            MUMBAI          4814          1008 354327    05     
0705689374874246354                                                                        000000001160600                                                              
0700429517066297617       00865304226893748742470        0422000000261800356000000261800356TEST MERCHANT            MUMBAI          6011          1008 738255    05     
0705689374874247738                                                                        000000001832600                                                              
0700433135887067475       00865304226893748742480        0422000000448900356000000448900356TEST MERCHANT            MUMBAI          5999          1008 737088    05     
0705689374874248737                                                                        000000003142300                                                              
0700454512535736792       00865304226893748742490        0422000000479900356000000479900356TEST MERCHANT            MUMBAI          5411          1008 629414    05     
0705689374874249629                                                                        000000003359300                                                              
