                   01            S5NL0004                542440575083205       00010001    021000                                                           26042217451800260422            319365280299       000000012340000000567810                                            00000000000002268000000000000000226800                               00                                                                                                                                         00                  6527501                                                                
                   01            S5NL0001                539664111372092       00010001    021000                                                           26042218283000260422            319365280300       000000012340000000567810                                            00000000000002031000000000000000203100                               00                                                                                                                                         00                  1473321                                                                
                   01            S5NL0002                520890059929371       00010001    021000                                                           26042209300000260422            319365280301       000000012340000000567810                                            00000000000001600000000000000000160000                               00                                                                                                                                         00                  6159821                                                                
                   01            S5NL0001                519561774773226       00010001    021000                                                           26042214491700260422            319365280302       000000012340000000567810                                            00000000000003335000000000000000333500                               00                                                                                                                                         00                  6101681                                                                
                   01            S5NL0003                549904371697557       00010001    021000                                                           26042206373200260422            319365280303       000000012340000000567810                                            00000000000004418000000000000000441800                               00                                                                                                                                         00                  7782081                                                                
                   01            S5NL0002                559881859045472       00010001    021000                                                           26042213321500260422            319365280304       000000012340000000567810                                            00000000000001512000000000000000151200                               00                                                                                                                                         00                  2159511                                                                
                   01            S5NL0001                537638822657618       00010001    021000                                                           26042205121300260422            319365280305       000000012340000000567810                                            00000000000003389000000000000000338900                               00                                                                                                                                         00                  1277271                                                                
                   01            S5NL0005                511638321891859       00010001    021000                                                           26042214540800260422            319365280306       000000012340000000567810                                            00000000000001142000000000000000114200                               00                                                                                                                                         00                  2047071                                                                
                   01            S5NL0004                555010867058441       00010001    021000                                                           26042203575300260422            319365280307       000000012340000000567810                                            00000000000003010000000000000000301000                               00                                                                                                                                         00                  0509851                                                                
                   01            S5NL0002                514246841675744       00010001    021000                                                           26042201132700260422            319365280308       000000012340000000567810                                            00000000000001684000000000000000168400                               00                                                                                                                                         00                  1645981                                                                
                   01            S5NL0003                543431503386021       00010001    021000                                                           26042201510500260422            319365280309       000000012340000000567810                                            00000000000002581000000000000000258100                               00                                                                                                                                         00                  7840391                                                                
                   01            S5NL0001                518913863875339       00010001    021000                                                           26042200344400260422            319365280310       000000012340000000567810                                            00000000000001700000000000000000170000                               00                                                                                                                                         00                  5918911                                                                
                   01            S5NL0006                538034903900384       00010001    021000                                                           26042204565100260422            319365280311       000000012340000000567810                                            00000000000004324000000000000000432400                               00                                                                                                                                         00                  7114761                                                                
                   01            S5NL0003                528138231183945       00010001    021000                                                           26042218321700260422            319365280312       000000012340000000567810                                            00000000000004149000000000000000414900                               00                                                                                                                                         00                  6372421                                                                
                   01            S5NL0003                552874440277125       00010001    021000                                                           26042218113800260422            319365280313       000000012340000000567810                                            00000000000003074000000000000000307400                               00                                                                                                                                         00                  3126661                                                                
                   01            S5NL0005                547031217847436       00010001    021000                                                           26042207474100260422            319365280314       000000012340000000567810                                            00000000000003655000000000000000365500                               00                                                                                                                                         00                  3660511                                                                
                   01            S5NL0003                552582186937485       00010001    021000                                                           26042208381300260422            319365280315       000000012340000000567810                                            00000000000003131000000000000000313100                               00                                                                                                                                         00                  8793561                                                                
                   01            S5NL0005                516513001724525       00010001    021000                                                           26042213043800260422            319365280316       000000012340000000567810                                            00000000000002557000000000000000255700                               00                                                                                                                                         00                  5100241                                                                
                   01            S5NL0004                533837932980325       00010001    021000                                                           26042209073600260422            319365280317       000000012340000000567810                                            00000000000003161000000000000000316100                               00                                                                                                                                         00                  3260751                                                                
                   01            S5NL0005                546306893992024       00010001    021000                                                           26042213400100260422            319365280318       000000012340000000567810                                            00000000000004919000000000000000491900                               00                                                                                                                                         00                  7194451                                                                
