0700430110627564466       00865304226296671975690        0422000000174700356000000174700356TEST MERCHANT            MUMBAI          5999          1008 888163    05     
0705629667197569888                                                                        000000001222900                                                              
0700468773176742115       00865304226296671975700        0422000000351400356000000351400356TEST MERCHANT            MUMBAI          4722          1008 107165    05     
0705629667197570107                                                                        000000002459800                                                              
0700497797191659614       00865304226296671975710        0422000000296200356000000296200356TEST MERCHANT            MUMBAI          5999          1008 026668    05     
0705629667197571026                                                                        000000002073400                                                              
0700410410626500129       00865304226296671975720        0422000000436900356000000436900356TEST MERCHANT            MUMBAI          5999          1008 734454    05     
0705629667197572734                                                                        000000003058300                                                              
0700406631021135319       00865304226296671975730        0422000000467400356000000467400356TEST MERCHANT            MUMBAI          5999          1008 820928    05     
0705629667197573820                                                                        000000003271800                                                              
