00131    53271680676300679041621098848           8830669611702205220344504814                     S5NL0005                                        00000001234                                                                000000000435000000000000435000000000000000000356000000000435000000000000000000                                                                                                            
00131    53271680676400691306891453006           8830669611712205222107345812                     S5NL0002                                        00000001234                                                                000000000219000000000000219000000000000000000356000000000219000000000000000000                                                                                                            
00131    53271680676500689726470948960           8830669611722205222110395999                     S5NL0006                                        00000001234                                                                000000000214700000000000214700000000000000000356000000000214700000000000000000                                                                                                            
00131    53271680676600685368075063752           8830669611732205220704035812                     S5NL0003                                        00000001234                                                                000000000410500000000000410500000000000000000356000000000410500000000000000000                                                                                                            
00131    53271680676700621520637665222           8830669611742205220111564814                     S5NL0003                                        00000001234                                                                000000000296500000000000296500000000000000000356000000000296500000000000000000                                                                                                            
00131    53271680676800688870119722958           8830669611752205222201285999                     S5NL0005                                        00000001234                                                                000000000355200000000000355200000000000000000356000000000355200000000000000000                                                                                                            
00131    53271680676900691962819760252           8830669611762205221732356011                     S5NL0001                                        00000001234                                                                000000000309800000000000309800000000000000000356000000000309800000000000000000                                                                                                            
00131    53271680677000676045860181946           8830669611772205221810485812                     S5NL0004                                        00000001234                                                                000000000279400000000000279400000000000000000356000000000279400000000000000000                                                                                                            
00131    53271680677100648356898850209           8830669611782205221651004814                     S5NL0002                                        00000001234                                                                000000000251400000000000251400000000000000000356000000000251400000000000000000                                                                                                            
00131    53271680677200615104504876578           8830669611792205221805055999                     S5NL0006                                        00000001234                                                                000000000238600000000000238600000000000000000356000000000238600000000000000000                                                                                                            
00131    53271680677300650244540836966           8830669611802205222300095999                     S5NL0005                                        00000001234                                                                000000000386300000000000386300000000000000000356000000000386300000000000000000                                                                                                            
00131    53271680677400609395444687159           8830669611812205220227055999                     S5NL0006                                        00000001234                                                                000000000414000000000000414000000000000000000356000000000414000000000000000000                                                                                                            
00131    53271680677500699338089781765           8830669611822205220220344814                     S5NL0004                                        00000001234                                                                000000000197900000000000197900000000000000000356000000000197900000000000000000                                                                                                            
00131    53271680677600656570203881154           8830669611832205221737144814                     S5NL0002                                        00000001234                                                                000000000491600000000000491600000000000000000356000000000491600000000000000000                                                                                                            
00131    53271680677700652483383687832           8830669611842205220414476011                     S5NL0001                                        00000001234                                                                000000000482000000000000482000000000000000000356000000000482000000000000000000                                                                                                            
00131    53271680677800683572221920836           8830669611852205221126185812                     S5NL0003                                        00000001234                                                                000000000371800000000000371800000000000000000356000000000371800000000000000000                                                                                                            
00131    53271680677900676212797502188           8830669611862205221700175411                     S5NL0001                                        00000001234                                                                000000000216400000000000216400000000000000000356000000000216400000000000000000                                                                                                            
00131    53271680678000682074792824780           8830669611872205221746104814                     S5NL0004                                        00000001234                                                                000000000373200000000000373200000000000000000356000000000373200000000000000000                                                                                                            
00131    53271680678100635675211267668           8830669611882205221342526011                     S5NL0004                                        00000001234                                                                000000000137900000000000137900000000000000000356000000000137900000000000000000                                                                                                            
00131    53271680678200613202736180748           8830669611892205220551005999                     S5NL0004                                        00000001234                                                                000000000328200000000000328200000000000000000356000000000328200000000000000000                                                                                                            
00131    53271680678300617068004053264           8830669611902205220319435999                     S5NL0003                                        00000001234                                                                000000000334100000000000334100000000000000000356000000000334100000000000000000                                                                                                            
00131    53271680678400605152828294829           8830669611912205221804234722                     S5NL0005                                        00000001234                                                                000000000209400000000000209400000000000000000356000000000209400000000000000000                                                                                                            
00131    53271680678500656905248375872           8830669611922205220851406011                     S5NL0005                                        00000001234                                                                000000000271600000000000271600000000000000000356000000000271600000000000000000                                                                                                            
00131    53271680678600695280405227754           8830669611932205221540136011                     S5NL0003                                        00000001234                                                                000000000249000000000000249000000000000000000356000000000249000000000000000000                                                                                                            
00131    53271680678700669902094233637           8830669611942205222130175999                     S5NL0001                                        00000001234                                                                000000000220900000000000220900000000000000000356000000000220900000000000000000                                                                                                            
00131    53271680678800689933253265389           8830669611952205220154446011                     S5NL0002                                        00000001234                                                                000000000390800000000000390800000000000000000356000000000390800000000000000000                                                                                                            
00131    53271680678900671767476463264           8830669611962205220915185999                     S5NL0006                                        00000001234                                                                000000000214100000000000214100000000000000000356000000000214100000000000000000                                                                                                            
00131    53271680679000699442423784903           8830669611972205221248066011                     S5NL0003                                        00000001234                                                                000000000122300000000000122300000000000000000356000000000122300000000000000000                                                                                                            
00131    53271680679100690305733592334           8830669611982205220135094722                     S5NL0004                                        00000001234                                                                000000000219000000000000219000000000000000000356000000000219000000000000000000                                                                                                            
00131    53271680679200668654993178901           8830669611992205222110054722                     S5NL0003                                        00000001234                                                                000000000401200000000000401200000000000000000356000000000401200000000000000000                                                                                                            
00131    53271680679300628492749617459           8830669612002205220422276011                     S5NL0001                                        00000001234                                                                000000000455500000000000455500000000000000000356000000000455500000000000000000                                                                                                            
00131    53271680679400698485802675769           8830669612012205220636016011                     S5NL0005                                        00000001234                                                                000000000319500000000000319500000000000000000356000000000319500000000000000000                                                                                                            
00131    53271680679500684994649101295           8830669612022205221257285999                     S5NL0005                                        00000001234                                                                000000000267700000000000267700000000000000000356000000000267700000000000000000                                                                                                            
00131    53271680679600677059667968548           8830669612032205221050025999                     S5NL0004                                        00000001234                                                                000000000122700000000000122700000000000000000356000000000122700000000000000000                                                                                                            
00131    53271680679700698512023033630           8830669612042205222319255812                     S5NL0005                                        00000001234                                                                000000000257000000000000257000000000000000000356000000000257000000000000000000                                                                                                            
00131    53271680679800630484213447643           8830669612052205221315316011                     S5NL0003                                        00000001234                                                                000000000248200000000000248200000000000000000356000000000248200000000000000000                                                                                                            
00131    53271680679900673858915736308           8830669612062205220621225812                     S5NL0002                                        00000001234                                                                000000000440800000000000440800000000000000000356000000000440800000000000000000                                                                                                            
00131    53271680680000609649597778664           8830669612072205220905556011                     S5NL0006                                        00000001234                                                                000000000380400000000000380400000000000000000356000000000380400000000000000000                                                                                                            
00131    53271680680100683828046624494           8830669612082205220146585411                     S5NL0004                                        00000001234                                                                000000000497500000000000497500000000000000000356000000000497500000000000000000                                                                                                            
00131    53271680680200683741650049413           8830669612092205221755475999                     S5NL0006                                        00000001234                                                                000000000332600000000000332600000000000000000356000000000332600000000000000000                                                                                                            
00131    53271680680300683001035151732           8830669612102205220109486011                     S5NL0003                                        00000001234                                                                000000000196700000000000196700000000000000000356000000000196700000000000000000                                                                                                            
00131    53271680680400662470811529056           8830669612112205220235185999                     S5NL0003                                        00000001234                                                                000000000434500000000000434500000000000000000356000000000434500000000000000000                                                                                                            
00131    53271680680500694332829564256           8830669612122205220941584814                     S5NL0004                                        00000001234                                                                000000000498900000000000498900000000000000000356000000000498900000000000000000                                                                                                            
00131    53271680680600674703766604062           8830669612132205221104165812                     S5NL0002                                        00000001234                                                                000000000430200000000000430200000000000000000356000000000430200000000000000000                                                                                                            
00131    53271680680700604039336354236           8830669612142205221015475999                     S5NL0003                                        00000001234                                                                000000000458600000000000458600000000000000000356000000000458600000000000000000                                                                                                            
00131    53271680680800621402266022841           8830669612152205220941445999                     S5NL0002                                        00000001234                                                                000000000247800000000000247800000000000000000356000000000247800000000000000000                                                                                                            
00131    53271680680900600813330324040           8830669612162205221926214814                     S5NL0006                                        00000001234                                                                000000000378600000000000378600000000000000000356000000000378600000000000000000                                                                                                            
00131    53271680681000656886883393868           8830669612172205221838594814                     S5NL0001                                        00000001234                                                                000000000346400000000000346400000000000000000356000000000346400000000000000000                                                                                                            
00131    53271680681100646550218739611           8830669612182205221445585812                     S5NL0004                                        00000001234                                                                000000000266200000000000266200000000000000000356000000000266200000000000000000                                                                                                            
00131    53271680681200696608351399253           8830669612192205221406385999                     S5NL0006                                        00000001234                                                                000000000169900000000000169900000000000000000356000000000169900000000000000000                                                                                                            
