0500458542662674260       00865305224683972362500        0522000000110400356000000110400356TEST MERCHANT            MUMBAI          5999          1008 257236    05     
0505468397236250257                                                                        000000000772800                                                              
0500460027581943892       00865305224683972362510        0522000000158000356000000158000356TEST MERCHANT            MUMBAI          4722          1008 033946    05     
0505468397236251033                                                                        000000001106000                                                              
0500477513639838667       00865305224683972362520        0522000000261100356000000261100356TEST MERCHANT            MUMBAI          5411          1008 404828    05     
0505468397236252404                                                                        000000001827700                                                              
0500416282587587448       00865305224683972362530        0522000000411700356000000411700356TEST MERCHANT            MUMBAI          6011          1008 281464    05     
0505468397236253281                                                                        000000002881900                                                              
0500465726847371397       00865305224683972362540        0522000000159600356000000159600356TEST MERCHANT            MUMBAI          5812          1008 457304    05     
0505468397236254457                                                                        000000001117200                                                              
0500432535998429173       00865305224683972362550        0522000000312200356000000312200356TEST MERCHANT            MUMBAI          5411          1008 724123    05     
0505468397236255724                                                                        000000002185400                                                              
0500423427364645603       00865305224683972362560        0522000000232500356000000232500356TEST MERCHANT            MUMBAI          4722          1008 332065    05     
0505468397236256332                                                                        000000001627500                                                              
0500498930665598970       00865305224683972362570        0522000000403900356000000403900356TEST MERCHANT            MUMBAI          6011          1008 354293    05     
0505468397236257354                                                                        000000002827300                                                              
0500464297781807750       00865305224683972362580        0522000000126100356000000126100356TEST MERCHANT            MUMBAI          5999          1008 190541    05     
0505468397236258190                                                                        000000000882700                                                              
0500457982149576326       00865305224683972362590        0522000000384900356000000384900356TEST MERCHANT            MUMBAI          5812          1008 280517    05     
0505468397236259280                                                                        000000002694300                                                              
0500400144993809260       00865305224683972362600        0522000000265100356000000265100356TEST MERCHANT            MUMBAI          4722          1008 960277    05     
0505468397236260960                                                                        000000001855700                                                              
0500467675594544952       00865305224683972362610        0522000000486800356000000486800356TEST MERCHANT            MUMBAI          5812          1008 498771    05     
0505468397236261498                                                                        000000003407600                                                              
0500496451366725220       00865305224683972362620        0522000000121800356000000121800356TEST MERCHANT            MUMBAI          5999          1008 834770    05     
0505468397236262834                                                                        000000000852600                                                              
0500431914571551574       00865305224683972362630        0522000000180400356000000180400356TEST MERCHANT            MUMBAI          6011          1008 864354    05     
0505468397236263864                                                                        000000001262800                                                              
0500419648145895335       00865305224683972362640        0522000000493500356000000493500356TEST MERCHANT            MUMBAI          5999          1008 416121    05     
0505468397236264416                                                                        000000003454500                                                              
0500479491665687624       00865305224683972362650        0522000000156400356000000156400356TEST MERCHANT            MUMBAI          4814          1008 616456    05     
0505468397236265616                                                                        000000001094800                                                              
0500420252762881254       00865305224683972362660        0522000000270300356000000270300356TEST MERCHANT            MUMBAI          5411          1008 239930    05     
0505468397236266239                                                                        000000001892100                                                              
0500461459181414974       00865305224683972362670        0522000000428500356000000428500356TEST MERCHANT            MUMBAI          4814          1008 223090    05     
0505468397236267223                                                                        000000002999500                                                              
0500434656504001374       00865305224683972362680        0522000000232600356000000232600356TEST MERCHANT            MUMBAI          5411          1008 511720    05     
0505468397236268511                                                                        000000001628200                                                              
0500477701860247562       00865305224683972362690        0522000000472600356000000472600356TEST MERCHANT            MUMBAI          6011          1008 896376    05     
0505468397236269896                                                                        000000003308200                                                              
0500429984533059165       00865305224683972362700        0522000000154900356000000154900356TEST MERCHANT            MUMBAI          5411          1008 457751    05     
0505468397236270457                                                                        000000001084300                                                              
0500486293908882740       00865305224683972362710        0522000000174400356000000174400356TEST MERCHANT            MUMBAI          5999          1008 503453    05     
0505468397236271503                                                                        000000001220800                                                              
0500488073545060065       00865305224683972362720        0522000000147000356000000147000356TEST MERCHANT            MUMBAI          6011          1008 061377    05     
0505468397236272061                                                                        000000001029000                                                              
0500417233288854475       00865305224683972362730        0522000000297700356000000297700356TEST MERCHANT            MUMBAI          4814          1008 612707    05     
0505468397236273612                                                                        000000002083900                                                              
0500469919938739220       00865305224683972362740        0522000000370500356000000370500356TEST MERCHANT            MUMBAI          5411          1008 219316    05     
0505468397236274219                                                                        000000002593500                                                              
0500434407797909303       00865305224683972362750        0522000000289900356000000289900356TEST MERCHANT            MUMBAI          5999          1008 528849    05     
0505468397236275528                                                                        000000002029300                                                              
0500479658742791034       00865305224683972362760        0522000000387400356000000387400356TEST MERCHANT            MUMBAI          6011          1008 624077    05     
0505468397236276624                                                                        000000002711800                                                              
0500411146907775090       00865305224683972362770        0522000000226000356000000226000356TEST MERCHANT            MUMBAI          5812          1008 258354    05     
0505468397236277258                                                                        000000001582000                                                              
0500446482089335380       00865305224683972362780        0522000000492000356000000492000356TEST MERCHANT            MUMBAI          4722          1008 373773    05     
0505468397236278373                                                                        000000003444000                                                              
0500439783414753191       00865305224683972362790        0522000000384900356000000384900356TEST MERCHANT            MUMBAI          6011          1008 362578    05     
0505468397236279362                                                                        000000002694300                                                              
0500495302195619535       00865305224683972362800        0522000000445300356000000445300356TEST MERCHANT            MUMBAI          5812          1008 936232    05     
0505468397236280936                                                                        000000003117100                                                              
0500448414352768855       00865305224683972362810        0522000000334100356000000334100356TEST MERCHANT            MUMBAI          6011          1008 313033    05     
0505468397236281313                                                                        000000002338700                                                              
0500490656505052979       00865305224683972362820        0522000000199000356000000199000356TEST MERCHANT            MUMBAI          5999          1008 927365    05     
0505468397236282927                                                                        000000001393000                                                              
0500486082133259449       00865305224683972362830        0522000000176700356000000176700356TEST MERCHANT            MUMBAI          6011          1008 657491    05     
0505468397236283657                                                                        000000001236900                                                              
0500416020931194529       00865305224683972362840        0522000000190100356000000190100356TEST MERCHANT            MUMBAI          6011          1008 968333    05     
0505468397236284968                                                                        000000001330700                                                              
0500453373116674292       00865305224683972362850        0522000000442000356000000442000356TEST MERCHANT            MUMBAI          4814          1008 794116    05     
0505468397236285794                                                                        000000003094000                                                              
0500424247505683346       00865305224683972362860        0522000000147900356000000147900356TEST MERCHANT            MUMBAI          5812          1008 220504    05     
0505468397236286220                                                                        000000001035300                                                              
0500461635894872108       00865305224683972362870        0522000000461000356000000461000356TEST MERCHANT            MUMBAI          4814          1008 565154    05     
0505468397236287565                                                                        000000003227000                                                              
0500413137175390599       00865305224683972362880        0522000000183500356000000183500356TEST MERCHANT            MUMBAI          4814          1008 754058    05     
0505468397236288754                                                                        000000001284500                                                              
0500491097857422401       00865305224683972362890        0522000000190900356000000190900356TEST MERCHANT            MUMBAI          4722          1008 175972    05     
0505468397236289175                                                                        000000001336300                                                              
0500485188550638522       00865305224683972362900        0522000000366700356000000366700356TEST MERCHANT            MUMBAI          5411          1008 639977    05     
0505468397236290639                                                                        000000002566900                                                              
0500423486949696582       00865305224683972362910        0522000000453100356000000453100356TEST MERCHANT            MUMBAI          5812          1008 171631    05     
0505468397236291171                                                                        000000003171700                                                              
0500419668955985160       00865305224683972362920        0522000000207600356000000207600356TEST MERCHANT            MUMBAI          5812          1008 323028    05     
0505468397236292323                                                                        000000001453200                                                              
0500423349848463820       00865305224683972362930        0522000000421500356000000421500356TEST MERCHANT            MUMBAI          6011          1008 809353    05     
0505468397236293809                                                                        000000002950500                                                              
0500433518775258899       00865305224683972362940        0522000000101100356000000101100356TEST MERCHANT            MUMBAI          5411          1008 122034    05     
0505468397236294122                                                                        000000000707700                                                              
0500402034974942388       00865305224683972362950        0522000000477600356000000477600356TEST MERCHANT            MUMBAI          5812          1008 691319    05     
0505468397236295691                                                                        000000003343200                                                              
0500468084900963733       00865305224683972362960        0522000000428200356000000428200356TEST MERCHANT            MUMBAI          5812          1008 128110    05     
0505468397236296128                                                                        000000002997400                                                              
0500400665246749670       00865305224683972362970        0522000000317900356000000317900356TEST MERCHANT            MUMBAI          5411          1008 537727    05     
0505468397236297537                                                                        000000002225300                                                              
0500420634598432410       00865305224683972362980        0522000000258600356000000258600356TEST MERCHANT            MUMBAI          4814          1008 524631    05     
0505468397236298524                                                                        000000001810200                                                              
0500466006191750623       00865305224683972362990        0522000000418200356000000418200356TEST MERCHANT            MUMBAI          6011          1008 180960    05     
0505468397236299180                                                                        000000002927400                                                              
